t # s 1
v 0 0
v 1 0
v 2 0
v 3 0
v 4 0
v 5 0
v 6 0
v 7 0
v 8 0
v 9 0
v 10 0
v 11 0
e 0 1 0 -1 59896
e 2 3 0 -1 33633
e 4 5 1 -1 1485
e 4 6 1 -1 1485
e 2 1 0 -1 34041
e 7 8 1 -1 1484
e 4 8 1 -1 1485
e 0 9 0 -1 54045
e 7 10 1 -1 1484
e 7 9 1 -1 1484
e 7 11 1 -1 1484
b 0 2
b 0 1
b 0 3
b 0 6
b 0 8
b 0 7
b 0 4
b 0 9
b 0 5
b 0 10
b 2 3
b 2 6
b 2 8
b 2 7
b 2 4
b 2 9
b 2 5
b 2 10
b 1 3
b 1 6
b 1 8
b 1 7
b 1 4
b 1 9
b 1 5
b 1 10
b 3 6
b 3 8
b 3 7
b 3 4
b 3 9
b 3 5
b 3 10
b 6 8
b 6 7
b 6 9
b 6 10
b 8 9
b 8 10
b 7 9
b 7 10
b 4 9
b 4 5
b 4 10
b 9 10
b 5 10
