t # s 1
v 0 0
v 1 0
v 2 0
v 3 0
v 4 0
v 5 0
v 6 0
v 7 0
v 8 0
v 9 0
v 10 0
v 11 0
e 0 1 0 -1 46728
e 2 3 1 -1 1485
e 0 4 0 -1 58845
e 0 5 0 -1 38370
e 0 6 0 -1 65112
e 2 7 1 -1 1485
e 0 3 0 -1 65473
e 0 8 0 -1 34385
e 0 9 0 -1 52547
e 0 10 0 -1 51802
e 0 11 0 -1 36465
b 3 5
b 3 4
b 3 7
b 3 9
b 3 8
b 3 6
b 3 10
b 5 7
b 5 9
b 5 8
b 5 6
b 5 10
b 0 4
b 0 7
b 0 1
b 0 9
b 0 8
b 0 6
b 0 2
b 0 10
b 4 7
b 4 9
b 4 8
b 4 6
b 4 10
b 7 9
b 7 8
b 7 10
b 1 9
b 1 8
b 1 6
b 1 2
b 1 10
b 9 10
b 8 10
b 6 10
b 2 10
