t # s 1
v 0 0
v 1 0
v 2 0
v 3 0
v 4 0
v 5 0
v 6 0
v 7 0
v 8 0
v 9 0
v 10 0
v 11 0
e 0 1 1 -1 7664
e 2 3 0 -1 443
e 4 1 1 -1 7748
e 5 1 1 -1 9628
e 6 1 1 -1 6260
e 7 1 1 -1 6664
e 8 9 1 -1 20014
e 8 1 1 -1 7768
e 10 1 1 -1 6056
e 2 1 1 -1 8416
e 11 1 1 -1 7828
b 4 6
b 4 8
b 4 5
b 4 7
b 4 10
b 4 9
b 0 2
b 0 1
b 0 6
b 0 3
b 0 8
b 0 5
b 0 7
b 0 10
b 0 9
b 2 6
b 2 3
b 2 8
b 2 5
b 2 7
b 2 10
b 2 9
b 1 6
b 1 3
b 1 8
b 1 5
b 1 7
b 1 10
b 1 9
b 6 8
b 6 7
b 6 10
b 6 9
b 3 8
b 3 5
b 3 7
b 3 10
b 3 9
b 8 10
b 8 9
b 5 7
b 5 10
b 5 9
b 7 10
b 7 9
