t # s 1
v 0 0
v 1 0
v 2 0
v 3 0
v 4 0
v 5 0
v 6 0
v 7 0
v 8 0
v 9 0
v 10 0
e 0 1 0 -1 62270
e 2 3 0 -1 61031
e 4 1 0 -1 51576
e 0 5 0 -1 40628
e 6 3 1 -1 1484
e 0 7 0 -1 45272
e 0 8 0 -1 46072
e 4 8 0 -1 35881
e 6 9 1 -1 1484
e 6 10 1 -1 1484
e 0 3 0 -1 61999
b 4 7
b 4 9
b 4 6
b 4 5
b 4 8
b 4 10
b 2 7
b 2 9
b 2 6
b 2 3
b 2 5
b 2 8
b 2 10
b 0 1
b 0 7
b 0 9
b 0 6
b 0 3
b 0 5
b 0 8
b 0 10
b 1 7
b 1 9
b 1 6
b 1 3
b 1 5
b 1 8
b 1 10
b 7 9
b 7 8
b 7 10
b 9 10
b 6 8
b 6 10
b 3 5
b 3 8
b 3 10
b 5 8
b 5 10
b 8 10
