t # s 1
v 0 0
v 1 0
v 2 0
v 3 0
v 4 0
v 5 0
v 6 0
v 7 0
v 8 0
v 9 0
e 0 1 0 -1 49225
e 2 3 0 -1 43105
e 0 4 0 -1 62913
e 0 5 0 -1 39999
e 0 6 0 -1 40552
e 2 1 0 -1 39033
e 7 8 1 -1 53
e 2 5 0 -1 56967
e 7 6 1 -1 53
e 0 3 0 -1 48401
e 2 9 0 -1 47363
b 6 7
b 6 8
b 6 9
b 6 10
b 2 3
b 2 5
b 2 7
b 2 4
b 2 8
b 2 9
b 2 10
b 1 3
b 1 5
b 1 7
b 1 4
b 1 8
b 1 9
b 1 10
b 0 3
b 0 5
b 0 7
b 0 4
b 0 8
b 0 9
b 0 10
b 3 5
b 3 7
b 3 4
b 3 8
b 3 9
b 3 10
b 5 7
b 5 8
b 5 9
b 5 10
b 7 8
b 7 9
b 7 10
b 4 8
b 4 9
b 4 10
b 8 9
b 8 10
b 9 10
