t # s 1
v 0 0
v 1 0
v 2 0
v 3 0
v 4 0
v 5 0
v 6 0
v 7 0
v 8 0
v 9 0
v 10 0
v 11 0
e 0 1 1 -1 7748
e 2 1 1 -1 6664
e 3 1 1 -1 8380
e 4 1 1 -1 9628
e 5 1 1 -1 7848
e 6 1 1 -1 8416
e 7 1 1 -1 11320
e 8 9 0 -1 80
e 10 1 1 -1 6056
e 11 1 1 -1 6476
e 8 1 1 -1 7664
b 5 6
b 5 8
b 5 7
b 5 9
b 5 10
b 2 4
b 2 3
b 2 6
b 2 8
b 2 7
b 2 9
b 2 10
b 1 4
b 1 3
b 1 6
b 1 8
b 1 7
b 1 9
b 1 10
b 4 6
b 4 8
b 4 7
b 4 9
b 4 10
b 3 6
b 3 8
b 3 7
b 3 9
b 3 10
b 6 8
b 6 7
b 6 9
b 6 10
b 8 9
b 8 10
b 7 9
b 7 10
b 9 10
b 0 10
