t # s 1
v 0 0
v 1 0
v 2 0
v 3 0
v 4 0
v 5 0
v 6 0
v 7 0
v 8 0
v 9 0
v 10 0
v 11 0
v 12 0
v 13 0
e 0 1 0 -1 38535
e 0 2 0 -1 40098
e 3 4 1 -1 1484
e 3 5 1 -1 1484
e 3 6 1 -1 1484
e 3 7 1 -1 1484
e 0 8 0 -1 41786
e 0 5 0 -1 51392
e 3 9 1 -1 1485
e 3 10 1 -1 1484
e 3 11 1 -1 1484
e 3 12 1 -1 1484
e 3 13 1 -1 1484
b 6 10
b 6 12
b 6 8
b 6 9
b 6 7
b 6 11
b 4 10
b 4 5
b 4 12
b 4 8
b 4 9
b 4 7
b 4 11
b 10 12
b 10 11
b 2 5
b 2 12
b 2 8
b 2 9
b 2 7
b 2 11
b 2 3
b 1 5
b 1 12
b 1 8
b 1 9
b 1 7
b 1 11
b 1 3
b 5 12
b 5 8
b 5 9
b 5 7
b 5 11
b 0 8
b 0 9
b 0 7
b 0 11
b 0 3
b 8 9
b 8 11
b 9 11
b 7 11
