t # s 1
v 0 0
v 1 0
v 2 0
v 3 0
v 4 0
v 5 0
v 6 0
v 7 0
v 8 0
v 9 0
v 10 0
v 11 0
v 12 0
v 13 0
e 0 1 0 -1 55146
e 2 3 1 -1 1485
e 0 4 0 -1 45873
e 0 5 0 -1 51139
e 0 6 0 -1 59852
e 7 8 0 -1 57910
e 9 10 0 -1 51620
e 9 6 0 -1 61999
e 11 3 1 -1 1485
e 7 10 0 -1 54135
e 0 12 0 -1 38363
e 13 10 0 -1 59566
e 2 8 1 -1 1485
b 8 9
b 8 11
b 8 10
b 8 12
b 9 11
b 9 10
b 9 12
b 0 4
b 0 1
b 0 6
b 0 2
b 0 7
b 0 5
b 0 11
b 0 3
b 0 10
b 0 12
b 4 6
b 4 7
b 4 5
b 4 11
b 4 10
b 4 12
b 1 6
b 1 2
b 1 7
b 1 5
b 1 11
b 1 3
b 1 10
b 1 12
b 6 7
b 6 11
b 6 10
b 6 12
b 2 7
b 2 5
b 2 11
b 2 3
b 2 10
b 2 12
b 7 11
b 7 10
b 7 12
b 5 11
b 5 10
b 5 12
b 11 12
b 3 10
b 3 12
b 10 12
