t # s 1
v 0 0
v 1 0
v 2 0
v 3 0
v 4 0
v 5 0
v 6 0
v 7 0
v 8 0
v 9 0
v 10 0
v 11 0
v 12 0
v 13 0
e 0 1 1 -1 1484
e 2 3 1 -1 1485
e 4 5 1 -1 1485
e 0 6 1 -1 1485
e 7 8 1 -1 1485
e 0 9 1 -1 1484
e 7 1 1 -1 1485
e 7 10 1 -1 1485
e 0 11 1 -1 1484
e 7 12 1 -1 1485
e 13 11 0 -1 9050
e 2 6 1 -1 1485
e 0 5 1 -1 1484
b 5 6
b 5 8
b 5 11
b 5 12
b 5 10
b 5 7
b 5 9
b 1 6
b 1 8
b 1 3
b 1 2
b 1 11
b 1 12
b 1 10
b 1 4
b 1 7
b 1 9
b 6 8
b 6 11
b 6 12
b 6 10
b 6 7
b 6 9
b 8 11
b 8 12
b 8 10
b 8 9
b 3 11
b 3 12
b 3 10
b 3 4
b 3 7
b 3 9
b 0 2
b 0 11
b 0 12
b 0 10
b 0 4
b 0 7
b 0 9
b 2 11
b 2 12
b 2 10
b 2 4
b 2 7
b 2 9
b 11 12
b 4 7
b 4 9
b 7 9
