t # s 1
v 0 0
v 1 0
v 2 0
v 3 0
v 4 0
v 5 0
v 6 0
v 7 0
v 8 0
v 9 0
v 10 0
v 11 0
v 12 0
v 13 0
e 0 1 1 -1 6664
e 2 1 1 -1 9628
e 3 1 1 -1 7848
e 4 1 1 -1 8416
e 5 6 0 -1 80
e 7 1 1 -1 6056
e 8 1 1 -1 6476
e 9 1 1 -1 8380
e 5 1 1 -1 7664
e 10 1 1 -1 7748
e 11 1 1 -1 6260
e 12 1 1 -1 11320
e 13 1 1 -1 7768
b 2 10
b 2 9
b 2 7
b 2 6
b 2 5
b 2 4
b 2 3
b 2 8
b 2 11
b 10 11
b 9 11
b 0 7
b 0 6
b 0 5
b 0 4
b 0 3
b 0 8
b 0 1
b 0 11
b 7 8
b 7 11
b 6 8
b 6 11
b 5 8
b 5 11
b 4 8
b 4 11
b 3 8
b 3 11
b 8 11
b 1 11
