t # s 1
v 0 0
v 1 0
v 2 0
v 3 0
v 4 0
v 5 0
v 6 0
v 7 0
v 8 0
v 9 0
v 10 0
v 11 0
v 12 0
v 13 0
e 0 1 1 -1 1484
e 0 2 1 -1 1485
e 0 3 1 -1 1484
e 0 4 1 -1 1484
e 0 5 1 -1 1484
e 0 6 1 -1 1484
e 0 7 1 -1 1484
e 8 2 0 -1 58349
e 9 2 0 -1 443
e 0 10 1 -1 1484
e 11 12 1 -1 1485
e 0 12 1 -1 1484
e 0 13 1 -1 1485
b 10 12
b 10 11
b 3 8
b 3 9
b 3 6
b 3 4
b 3 7
b 3 5
b 3 12
b 3 11
b 8 9
b 8 12
b 8 11
b 9 12
b 9 11
b 6 7
b 6 12
b 6 11
b 4 7
b 4 5
b 4 12
b 4 11
b 7 12
b 7 11
b 5 12
b 5 11
b 2 12
b 2 11
b 1 12
b 1 11
