t # s 1
v 0 0
v 1 0
v 2 0
v 3 0
v 4 0
v 5 0
v 6 0
v 7 0
v 8 0
v 9 0
v 10 0
v 11 0
v 12 0
v 13 0
e 0 1 1 -1 1485
e 0 2 1 -1 1485
e 3 4 0 -1 49258
e 3 5 0 -1 61158
e 6 5 0 -1 49830
e 0 7 1 -1 1485
e 0 5 1 -1 1485
e 8 2 1 -1 1485
e 3 9 0 -1 52213
e 3 10 0 -1 38316
e 6 11 0 -1 41152
e 6 12 0 -1 61161
e 3 13 0 -1 41633
b 4 7
b 4 5
b 4 11
b 4 6
b 4 9
b 4 8
b 4 10
b 4 12
b 0 7
b 0 5
b 0 11
b 0 2
b 0 6
b 0 3
b 0 9
b 0 8
b 0 10
b 0 1
b 0 12
b 7 11
b 7 9
b 7 8
b 7 10
b 7 12
b 5 11
b 5 6
b 5 9
b 5 8
b 5 10
b 5 12
b 11 12
b 2 6
b 2 3
b 2 9
b 2 8
b 2 10
b 2 12
b 6 9
b 6 8
b 6 10
b 6 12
b 3 9
b 3 8
b 3 10
b 3 12
b 9 10
b 9 12
b 8 10
b 8 12
b 10 12
b 1 12
