t # s 1
v 0 0
v 1 0
v 2 0
v 3 0
v 4 0
v 5 0
v 6 0
v 7 0
v 8 0
v 9 0
v 10 0
v 11 0
v 12 0
v 13 0
e 0 1 1 -1 1485
e 0 2 1 -1 1485
e 3 4 1 -1 1484
e 0 4 1 -1 1485
e 3 5 1 -1 1484
e 6 7 0 -1 37910
e 6 8 0 -1 34587
e 6 9 0 -1 63486
e 6 10 0 -1 62289
e 6 11 0 -1 64274
e 6 12 0 -1 56728
e 3 13 1 -1 1484
e 3 7 1 -1 1484
b 7 11
b 7 9
b 7 8
b 7 10
b 7 12
b 3 5
b 3 6
b 3 4
b 3 11
b 3 9
b 3 8
b 3 10
b 3 12
b 1 5
b 1 6
b 1 4
b 1 2
b 1 11
b 1 9
b 1 8
b 1 10
b 1 12
b 0 5
b 0 6
b 0 4
b 0 2
b 0 11
b 0 9
b 0 8
b 0 10
b 0 12
b 5 6
b 5 11
b 5 9
b 5 8
b 5 10
b 5 12
b 6 11
b 6 9
b 6 8
b 6 10
b 6 12
b 4 11
b 4 9
b 4 8
b 4 10
b 4 12
b 2 11
b 2 9
b 2 8
b 2 10
b 2 12
b 11 12
b 9 10
b 9 12
b 8 10
b 8 12
b 10 12
