t # s 1
v 0 0
v 1 0
v 2 0
v 3 0
v 4 0
v 5 0
v 6 0
v 7 0
v 8 0
v 9 0
v 10 0
v 11 0
v 12 0
v 13 0
e 0 1 1 -1 1484
e 0 2 1 -1 1485
e 0 3 1 -1 1484
e 4 5 0 -1 48579
e 4 6 0 -1 41918
e 7 8 0 -1 58374
e 4 9 0 -1 63104
e 0 10 1 -1 1484
e 0 11 1 -1 1484
e 0 8 1 -1 1484
e 4 12 0 -1 37317
e 0 12 1 -1 1484
e 0 13 1 -1 1484
b 2 10
b 2 8
b 2 7
b 2 6
b 2 5
b 2 4
b 2 3
b 2 11
b 2 9
b 10 11
b 0 8
b 0 7
b 0 6
b 0 5
b 0 4
b 0 3
b 0 11
b 0 1
b 0 9
b 8 11
b 8 9
b 7 11
b 7 9
b 6 11
b 6 9
b 5 11
b 5 9
b 4 11
b 4 9
b 3 11
b 3 9
b 1 9
