t # s 1
v 0 0
v 1 0
v 2 0
v 3 0
v 4 0
v 5 0
v 6 0
v 7 0
v 8 0
v 9 0
v 10 0
v 11 0
v 12 0
v 13 0
e 0 1 0 -1 443
e 2 3 1 -1 7664
e 4 3 1 -1 6056
e 5 3 1 -1 7848
e 6 3 1 -1 6260
e 7 3 1 -1 11320
e 8 3 1 -1 7828
e 9 1 0 -1 443
e 10 3 1 -1 8380
e 11 3 1 -1 8324
e 2 1 0 -1 443
e 12 3 1 -1 7748
e 5 13 1 -1 56140
b 7 8
b 7 11
b 7 9
b 7 12
b 7 10
b 3 4
b 3 8
b 3 11
b 3 9
b 3 5
b 3 6
b 3 12
b 3 10
b 2 4
b 2 8
b 2 11
b 2 9
b 2 5
b 2 6
b 2 12
b 2 10
b 4 8
b 4 11
b 4 9
b 4 5
b 4 6
b 4 12
b 4 10
b 8 11
b 8 9
b 8 12
b 8 10
b 11 12
b 9 12
b 9 10
b 5 6
b 5 12
b 5 10
b 6 12
b 6 10
b 0 1
b 0 12
b 0 10
b 1 12
b 1 10
