t # s 1
v 0 0
v 1 0
v 2 0
v 3 0
v 4 0
v 5 0
v 6 0
v 7 0
v 8 0
v 9 0
v 10 0
v 11 0
v 12 0
v 13 0
e 0 1 0 -1 38999
e 2 3 0 -1 56711
e 0 4 0 -1 50607
e 5 6 0 -1 37440
e 0 3 0 -1 64451
e 5 7 0 -1 37739
e 5 8 0 -1 44813
e 5 9 0 -1 50609
e 5 10 0 -1 44404
e 5 11 0 -1 37417
e 0 9 0 -1 45257
e 0 12 0 -1 59264
e 13 4 1 -1 53
b 8 11
b 8 12
b 8 10
b 8 9
b 6 11
b 6 12
b 6 10
b 6 7
b 6 9
b 1 11
b 1 2
b 1 5
b 1 12
b 1 4
b 1 3
b 1 10
b 1 7
b 1 9
b 11 12
b 2 5
b 2 12
b 2 4
b 2 3
b 2 10
b 2 7
b 2 9
b 5 12
b 5 10
b 5 7
b 5 9
b 0 12
b 0 4
b 0 3
b 0 10
b 0 7
b 0 9
b 4 10
b 4 7
b 4 9
b 3 10
b 3 7
b 3 9
b 7 9
