t # s 1
v 0 0
v 1 0
v 2 0
v 3 0
v 4 0
v 5 0
v 6 0
v 7 0
v 8 0
v 9 0
v 10 0
v 11 0
v 12 0
v 13 0
e 0 1 0 -1 48458
e 2 3 1 -1 1485
e 4 5 0 -1 59090
e 0 6 0 -1 43857
e 2 7 1 -1 1485
e 4 8 0 -1 34927
e 4 9 0 -1 37330
e 2 6 1 -1 1485
e 4 6 0 -1 56101
e 2 10 1 -1 1485
e 11 1 0 -1 52341
e 4 12 0 -1 64335
e 4 13 0 -1 48877
b 6 7
b 6 12
b 6 11
b 6 9
b 6 8
b 6 10
b 7 12
b 7 11
b 7 9
b 7 8
b 7 10
b 3 5
b 3 12
b 3 4
b 3 11
b 3 9
b 3 8
b 3 10
b 5 12
b 5 11
b 5 9
b 5 8
b 5 10
b 0 2
b 0 12
b 0 4
b 0 11
b 0 9
b 0 8
b 0 1
b 0 10
b 2 12
b 2 4
b 2 11
b 2 9
b 2 8
b 2 10
b 4 11
b 4 9
b 4 8
b 4 10
b 9 10
b 8 10
b 1 10
