t # s 1
v 0 0
v 1 0
v 2 0
v 3 0
v 4 0
v 5 0
v 6 0
v 7 0
v 8 0
v 9 0
v 10 0
v 11 0
e 0 1 1 -1 1485
e 0 2 1 -1 1485
e 3 4 0 -1 52746
e 3 2 0 -1 44891
e 3 5 0 -1 54546
e 6 5 0 -1 57246
e 6 7 0 -1 61071
e 8 9 1 -1 1485
e 6 4 0 -1 47747
e 8 10 1 -1 1485
e 6 11 0 -1 40752
e 0 10 1 -1 1485
e 3 7 0 -1 54563
b 10 12
b 10 11
b 3 4
b 3 9
b 3 7
b 3 5
b 3 12
b 3 11
b 3 8
b 3 6
b 4 9
b 4 7
b 4 5
b 4 12
b 4 11
b 4 8
b 4 6
b 9 12
b 9 11
b 2 7
b 2 5
b 2 12
b 2 11
b 2 8
b 2 6
b 7 12
b 7 11
b 7 8
b 5 12
b 5 11
b 5 8
b 5 6
b 1 11
b 1 8
b 1 6
b 0 11
b 0 8
b 0 6
