t # s 1
v 0 0
v 1 0
v 2 0
v 3 0
v 4 0
v 5 0
v 6 0
v 7 0
v 8 0
v 9 0
v 10 0
v 11 0
v 12 0
v 13 0
e 0 1 0 -1 58047
e 0 2 0 -1 54242
e 3 4 1 -1 1485
e 3 5 1 -1 1485
e 3 6 1 -1 1485
e 3 7 1 -1 1485
e 8 9 1 -1 1484
e 8 7 1 -1 1484
e 8 10 1 -1 1484
e 8 11 1 -1 1484
e 8 12 1 -1 1484
e 0 13 0 -1 65468
e 0 7 0 -1 38109
b 4 9
b 4 6
b 4 10
b 4 11
b 4 5
b 4 8
b 4 7
b 9 10
b 9 11
b 2 6
b 2 10
b 2 3
b 2 11
b 2 5
b 2 8
b 2 7
b 6 10
b 6 11
b 6 8
b 6 7
b 10 11
b 0 3
b 0 11
b 0 5
b 0 8
b 0 1
b 0 7
b 3 11
b 3 5
b 3 8
b 3 7
b 5 8
b 5 7
b 1 7
