t # s 1
v 0 0
v 1 0
v 2 0
v 3 0
v 4 0
v 5 0
v 6 0
v 7 0
v 8 0
v 9 0
v 10 0
v 11 0
v 12 0
v 13 0
e 0 1 0 -1 80
e 2 3 0 -1 80
e 4 3 0 -1 80
e 5 6 0 -1 80
e 5 7 0 -1 80
e 8 9 0 -1 80
e 2 6 0 -1 80
e 0 10 1 -1 53
e 11 6 0 -1 80
e 12 3 0 -1 80
e 11 1 0 -1 80
e 5 9 0 -1 80
e 13 3 0 -1 80
b 2 10
b 2 8
b 2 7
b 2 11
b 2 9
b 2 4
b 2 3
b 2 6
b 2 12
b 2 5
b 10 11
b 10 12
b 8 11
b 8 9
b 8 12
b 0 7
b 0 11
b 0 9
b 0 4
b 0 3
b 0 6
b 0 12
b 0 1
b 0 5
b 7 11
b 7 9
b 7 12
b 11 12
b 9 12
b 4 6
b 4 12
b 4 5
b 3 6
b 3 12
b 3 5
b 6 12
b 1 5
