t # s 1
v 0 0
v 1 0
v 2 0
v 3 0
v 4 0
v 5 0
v 6 0
v 7 0
v 8 0
v 9 0
v 10 0
v 11 0
v 12 0
v 13 0
e 0 1 0 -1 443
e 2 1 0 -1 443
e 3 1 0 -1 443
e 4 1 0 -1 443
e 5 1 0 -1 443
e 2 6 1 -1 53
e 7 1 0 -1 443
e 8 1 0 -1 443
e 9 1 0 -1 443
e 10 6 1 -1 53
e 11 1 0 -1 443
e 12 1 0 -1 443
e 13 1 0 -1 443
b 10 12
b 10 11
b 5 9
b 5 8
b 5 7
b 5 12
b 5 11
b 5 6
b 9 12
b 9 11
b 2 8
b 2 7
b 2 3
b 2 12
b 2 11
b 2 6
b 2 4
b 8 12
b 8 11
b 0 7
b 0 3
b 0 12
b 0 11
b 0 6
b 0 1
b 0 4
b 7 12
b 7 11
b 3 12
b 3 11
b 3 6
b 3 4
b 1 4
