t # s 1
v 0 0
v 1 0
v 2 0
v 3 0
v 4 0
v 5 0
v 6 0
v 7 0
v 8 0
v 9 0
v 10 0
v 11 0
v 12 0
v 13 0
e 0 1 0 -1 64610
e 2 3 1 -1 1485
e 4 5 1 -1 1485
e 2 6 1 -1 1485
e 2 7 1 -1 1485
e 0 8 0 -1 60003
e 9 8 0 -1 44358
e 9 7 0 -1 33361
e 10 1 0 -1 57834
e 4 3 1 -1 1485
e 4 11 1 -1 1485
e 10 12 0 -1 35735
e 4 13 1 -1 1485
b 3 9
b 3 4
b 3 6
b 3 12
b 3 5
b 3 10
b 3 11
b 3 7
b 3 8
b 9 12
b 9 10
b 9 11
b 4 6
b 4 12
b 4 5
b 4 10
b 4 11
b 4 7
b 4 8
b 1 6
b 1 12
b 1 5
b 1 10
b 1 2
b 1 11
b 1 7
b 1 8
b 6 12
b 6 10
b 6 11
b 6 7
b 6 8
b 5 10
b 5 11
b 5 7
b 5 8
b 10 11
b 2 11
b 2 7
b 2 8
b 7 8
