t # s 1
v 0 0
v 1 0
v 2 0
v 3 0
v 4 0
v 5 0
v 6 0
v 7 0
v 8 0
v 9 0
v 10 0
v 11 0
v 12 0
v 13 0
e 0 1 1 -1 12964
e 2 3 1 -1 7664
e 4 3 1 -1 7748
e 5 6 1 -1 3351
e 5 3 0 -1 80
e 7 3 1 -1 7848
e 8 3 1 -1 11320
e 9 3 1 -1 6260
e 0 3 1 -1 6476
e 10 3 1 -1 6664
e 11 3 1 -1 6056
e 12 3 1 -1 9628
e 13 3 1 -1 7768
b 5 6
b 5 7
b 5 9
b 5 10
b 5 11
b 5 8
b 5 12
b 0 4
b 0 3
b 0 2
b 0 6
b 0 7
b 0 1
b 0 9
b 0 10
b 0 11
b 0 8
b 0 12
b 4 6
b 4 7
b 4 9
b 4 10
b 4 11
b 4 8
b 4 12
b 3 6
b 3 7
b 3 9
b 3 10
b 3 11
b 3 8
b 3 12
b 2 6
b 2 7
b 2 9
b 2 10
b 2 11
b 2 8
b 2 12
b 6 7
b 6 9
b 6 10
b 6 11
b 6 8
b 6 12
b 7 9
b 7 10
b 7 11
b 7 8
b 7 12
b 1 9
b 1 10
b 1 11
b 1 8
b 1 12
b 9 10
b 9 11
b 9 12
b 10 11
b 10 12
b 11 12
b 8 12
