t # s 1
v 0 0
v 1 0
v 2 0
v 3 0
v 4 0
v 5 0
v 6 0
v 7 0
v 8 0
v 9 0
v 10 0
v 11 0
v 12 0
v 13 0
v 14 0
v 15 0
e 0 1 0 -1 36314
e 2 3 1 -1 1485
e 4 5 1 -1 1485
e 6 1 0 -1 35890
e 7 8 1 -1 1484
e 7 9 1 -1 1484
e 10 1 0 -1 54265
e 7 11 1 -1 1484
e 12 13 1 -1 1485
e 7 5 1 -1 1485
e 12 8 1 -1 1485
e 4 14 1 -1 1485
e 2 9 1 -1 1485
e 15 1 0 -1 35097
e 7 1 1 -1 1484
b 13 14
b 0 12
b 0 11
b 0 10
b 0 5
b 0 8
b 0 9
b 0 6
b 0 7
b 0 4
b 0 3
b 0 2
b 0 1
b 0 14
b 12 14
b 11 14
b 10 14
b 5 8
b 5 9
b 5 6
b 5 7
b 5 14
b 8 9
b 8 14
b 9 14
b 6 7
b 6 14
b 7 14
b 4 14
b 3 14
b 2 14
b 1 14
