t # s 1
v 0 0
v 1 0
v 2 0
v 3 0
v 4 0
v 5 0
v 6 0
v 7 0
v 8 0
v 9 0
v 10 0
v 11 0
v 12 0
v 13 0
v 14 0
v 15 0
e 0 1 1 -1 7748
e 2 1 1 -1 6664
e 3 1 1 -1 7848
e 4 1 1 -1 9628
e 5 1 1 -1 6260
e 6 7 1 -1 20014
e 8 1 1 -1 7828
e 9 7 1 -1 13664
e 10 1 1 -1 8380
e 11 12 0 -1 80
e 13 12 0 -1 80
e 14 1 1 -1 6056
e 9 12 0 -1 80
e 15 1 1 -1 11320
e 6 1 1 -1 8324
b 10 12
b 10 11
b 10 13
b 12 13
b 8 11
b 8 9
b 8 13
b 7 11
b 7 9
b 7 13
b 11 13
b 9 13
b 1 5
b 1 3
b 1 4
b 1 2
b 1 13
b 1 6
b 5 13
b 5 6
b 3 4
b 3 13
b 3 6
b 4 13
b 4 6
b 2 13
b 2 6
