t # s 1
v 0 0
v 1 0
v 2 0
v 3 0
v 4 0
v 5 0
v 6 0
v 7 0
v 8 0
v 9 0
v 10 0
v 11 0
v 12 0
v 13 0
v 14 0
v 15 0
e 0 1 1 -1 1485
e 2 3 1 -1 1485
e 0 4 1 -1 1484
e 0 5 1 -1 1484
e 6 1 0 -1 36029
e 0 7 1 -1 1484
e 8 3 1 -1 1485
e 0 9 1 -1 1484
e 0 10 1 -1 1485
e 0 11 1 -1 1484
e 0 12 1 -1 1484
e 8 13 1 -1 1485
e 8 11 1 -1 1485
e 0 14 1 -1 1484
e 0 15 1 -1 1484
b 7 12
b 7 10
b 7 13
b 7 8
b 7 11
b 7 9
b 12 13
b 4 10
b 4 13
b 4 8
b 4 6
b 4 5
b 4 11
b 4 9
b 10 13
b 10 11
b 2 13
b 2 8
b 2 6
b 2 5
b 2 11
b 2 3
b 2 9
b 8 11
b 8 9
b 6 11
b 6 9
b 5 11
b 5 9
b 3 9
b 1 9
b 0 9
