t # s 1
v 0 0
v 1 0
v 2 0
v 3 0
v 4 0
v 5 0
v 6 0
v 7 0
v 8 0
v 9 0
v 10 0
v 11 0
v 12 0
v 13 0
v 14 0
v 15 0
e 0 1 1 -1 20556
e 2 3 1 -1 7748
e 4 3 1 -1 6056
e 5 3 1 -1 7848
e 6 3 1 -1 9628
e 7 3 1 -1 8380
e 8 3 1 -1 11320
e 9 3 1 -1 8416
e 10 1 1 -1 20014
e 10 3 1 -1 7768
e 11 3 1 -1 7664
e 12 13 0 -1 443
e 14 3 1 -1 6260
e 15 3 1 -1 7828
e 8 13 0 -1 443
b 11 12
b 11 13
b 9 12
b 9 13
b 9 10
b 7 12
b 7 8
b 7 13
b 7 10
b 12 13
b 5 8
b 5 6
b 5 13
b 5 10
b 8 13
b 8 10
b 6 13
b 6 10
b 0 4
b 0 3
b 0 1
b 0 2
b 0 10
b 4 10
b 3 10
b 1 2
b 1 10
b 2 10
