t # s 1
v 0 0
v 1 0
v 2 0
v 3 0
v 4 0
v 5 0
v 6 0
v 7 0
v 8 0
v 9 0
v 10 0
v 11 0
v 12 0
v 13 0
e 0 1 1 -1 1484
e 2 1 0 -1 42561
e 3 4 0 -1 49439
e 3 5 0 -1 64722
e 2 6 0 -1 52808
e 3 7 0 -1 43697
e 3 1 0 -1 45449
e 8 9 0 -1 62637
e 3 10 0 -1 51779
e 0 11 1 -1 1484
e 0 12 1 -1 1484
e 3 9 0 -1 53036
e 8 13 0 -1 52432
e 2 13 0 -1 56579
e 0 6 1 -1 1484
b 6 9
b 6 8
b 6 10
b 6 12
b 6 11
b 6 7
b 5 9
b 5 8
b 5 10
b 5 12
b 5 11
b 5 7
b 4 9
b 4 8
b 4 10
b 4 12
b 4 11
b 4 7
b 9 10
b 9 12
b 9 11
b 8 10
b 8 12
b 8 11
b 10 12
b 10 11
