t # s 1
v 0 0
v 1 0
v 2 0
v 3 0
v 4 0
v 5 0
v 6 0
v 7 0
v 8 0
v 9 0
v 10 0
v 11 0
v 12 0
v 13 0
v 14 0
v 15 0
e 0 1 1 -1 1485
e 2 3 1 -1 1484
e 2 4 1 -1 1485
e 2 5 1 -1 1484
e 2 6 1 -1 1484
e 2 7 1 -1 1484
e 2 8 1 -1 1484
e 2 1 1 -1 1484
e 2 9 1 -1 1484
e 10 11 0 -1 46939
e 2 12 1 -1 1485
e 2 13 1 -1 1484
e 2 14 1 -1 1484
e 2 11 1 -1 1484
e 0 15 1 -1 1485
b 10 11
b 10 12
b 10 13
b 10 14
b 11 12
b 11 13
b 11 14
b 12 13
b 12 14
b 13 14
b 8 9
b 8 14
b 3 9
b 3 4
b 3 6
b 3 7
b 3 14
b 3 5
b 9 14
b 4 6
b 4 7
b 4 14
b 4 5
b 6 7
b 6 14
b 0 7
b 0 14
b 0 2
b 0 1
b 0 5
b 7 14
b 2 5
b 1 5
