t # s 1
v 0 0
v 1 0
v 2 0
v 3 0
v 4 0
v 5 0
v 6 0
v 7 0
v 8 0
v 9 0
v 10 0
v 11 0
v 12 0
v 13 0
v 14 0
v 15 0
e 0 1 1 -1 1485
e 0 2 1 -1 1485
e 3 4 1 -1 1484
e 3 5 1 -1 1484
e 3 6 1 -1 1484
e 0 7 1 -1 1485
e 3 8 1 -1 1484
e 3 9 1 -1 1484
e 3 1 1 -1 1484
e 3 10 1 -1 1484
e 11 9 0 -1 46939
e 12 7 1 -1 1485
e 3 13 1 -1 1484
e 3 14 1 -1 1484
e 3 15 1 -1 1484
b 6 12
b 6 11
b 6 9
b 6 10
b 6 7
b 6 13
b 6 8
b 12 13
b 11 13
b 9 10
b 9 13
b 10 13
b 0 7
b 0 13
b 0 5
b 0 2
b 0 3
b 0 4
b 0 1
b 0 8
b 7 13
b 7 8
b 5 8
b 2 3
b 2 4
b 2 8
b 3 4
b 3 8
b 4 8
b 1 8
