t # s 1
v 0 0
v 1 0
v 2 0
v 3 0
v 4 0
v 5 0
v 6 0
v 7 0
v 8 0
v 9 0
v 10 0
v 11 0
v 12 0
v 13 0
v 14 0
v 15 0
e 0 1 0 -1 59436
e 2 3 0 -1 54547
e 0 4 0 -1 56102
e 5 6 1 -1 1485
e 5 7 1 -1 1485
e 5 8 1 -1 1484
e 5 9 1 -1 1484
e 5 10 1 -1 1484
e 0 11 0 -1 44638
e 5 12 1 -1 1484
e 5 13 1 -1 1484
e 2 9 0 -1 45594
e 5 14 1 -1 1484
e 0 3 0 -1 57027
e 2 15 0 -1 38370
b 4 9
b 4 5
b 4 7
b 4 6
b 4 10
b 4 11
b 4 8
b 1 9
b 1 5
b 1 7
b 1 6
b 1 10
b 1 11
b 1 3
b 1 8
b 1 2
b 9 10
b 9 11
b 5 7
b 5 6
b 5 10
b 5 11
b 5 8
b 7 10
b 7 11
b 7 8
b 6 10
b 6 11
b 6 8
b 10 11
b 3 8
