t # s 1
v 0 0
v 1 0
v 2 0
v 3 0
v 4 0
v 5 0
v 6 0
v 7 0
v 8 0
v 9 0
v 10 0
v 11 0
v 12 0
v 13 0
v 14 0
e 0 1 1 -1 1485
e 0 2 1 -1 1485
e 3 2 0 -1 33753
e 4 5 0 -1 443
e 6 7 0 -1 64327
e 6 8 0 -1 58687
e 9 1 1 -1 1485
e 6 10 0 -1 64407
e 6 11 0 -1 54547
e 9 12 1 -1 1485
e 9 4 1 -1 1485
e 13 11 0 -1 50782
e 6 14 0 -1 51463
e 6 2 0 -1 53048
e 13 8 0 -1 39581
b 0 11
b 0 10
b 0 9
b 0 8
b 0 2
b 0 6
b 0 5
b 0 4
b 0 3
b 0 7
b 0 1
b 0 12
b 11 12
b 10 12
b 9 12
b 8 12
b 2 6
b 2 5
b 2 4
b 2 3
b 2 7
b 2 12
b 6 7
b 6 12
b 5 7
b 5 12
b 4 7
b 4 12
b 3 7
b 3 12
b 7 12
b 1 12
