t # s 1
v 0 0
v 1 0
v 2 0
v 3 0
v 4 0
v 5 0
v 6 0
v 7 0
v 8 0
v 9 0
v 10 0
v 11 0
v 12 0
v 13 0
v 14 0
v 15 0
e 0 1 1 -1 8416
e 2 1 1 -1 9628
e 3 1 1 -1 11320
e 4 1 1 -1 7828
e 5 6 0 -1 80
e 7 6 0 -1 80
e 8 1 1 -1 6664
e 5 1 1 -1 7664
e 9 1 1 -1 6476
e 10 1 1 -1 7748
e 11 1 1 -1 7848
e 12 1 1 -1 6260
e 13 1 1 -1 8380
e 14 15 1 -1 20014
e 14 1 1 -1 7768
b 3 9
b 3 8
b 3 4
b 3 6
b 3 5
b 3 10
b 3 11
b 3 7
b 9 10
b 9 11
b 8 10
b 8 11
b 1 4
b 1 6
b 1 5
b 1 10
b 1 11
b 1 2
b 1 7
b 4 6
b 4 5
b 4 10
b 4 11
b 4 7
b 6 10
b 6 11
b 6 7
b 5 10
b 5 11
b 5 7
b 10 11
b 2 7
