t # s 1
v 0 0
v 1 0
v 2 0
v 3 0
v 4 0
v 5 0
v 6 0
v 7 0
v 8 0
v 9 0
v 10 0
v 11 0
v 12 0
v 13 0
v 14 0
e 0 1 1 -1 1485
e 2 3 1 -1 1485
e 0 4 1 -1 1484
e 0 5 1 -1 1484
e 6 5 0 -1 42561
e 7 8 0 -1 49439
e 7 5 0 -1 60527
e 6 9 0 -1 47829
e 10 3 0 -1 36842
e 7 11 0 -1 43697
e 7 12 0 -1 64378
e 2 1 1 -1 1485
e 7 9 0 -1 36821
e 2 13 1 -1 1484
e 14 12 0 -1 33101
b 2 3
b 2 10
b 2 9
b 2 8
b 2 7
b 2 12
b 2 6
b 2 4
b 2 11
b 2 5
b 3 10
b 3 9
b 3 8
b 3 7
b 3 12
b 3 6
b 3 4
b 3 11
b 3 5
b 10 12
b 10 11
b 9 12
b 9 11
b 8 12
b 8 11
b 7 12
b 7 11
b 6 11
b 4 11
b 4 5
