t # s 1
v 0 0
v 1 0
v 2 0
v 3 0
v 4 0
v 5 0
v 6 0
v 7 0
v 8 0
v 9 0
v 10 0
v 11 0
v 12 0
v 13 0
v 14 0
v 15 0
e 0 1 1 -1 500
e 2 3 0 -1 443
e 4 3 0 -1 80
e 5 3 0 -1 80
e 6 1 0 -1 80
e 7 1 0 -1 80
e 5 8 0 -1 80
e 9 1 0 -1 80
e 9 10 0 -1 80
e 11 10 0 -1 80
e 11 8 0 -1 80
e 12 3 0 -1 80
e 13 1 0 -1 80
e 14 3 0 -1 443
e 15 10 0 -1 80
b 12 13
b 12 14
b 2 13
b 2 7
b 2 6
b 2 10
b 2 9
b 2 11
b 2 14
b 2 5
b 2 4
b 2 3
b 2 8
b 13 14
b 7 10
b 7 9
b 7 11
b 7 14
b 7 8
b 6 10
b 6 9
b 6 11
b 6 14
b 6 8
b 10 11
b 10 14
b 9 11
b 9 14
b 11 14
b 5 8
b 4 8
b 3 8
