t # s 1
v 0 0
v 1 0
v 2 0
v 3 0
v 4 0
v 5 0
v 6 0
v 7 0
v 8 0
v 9 0
v 10 0
v 11 0
v 12 0
v 13 0
v 14 0
v 15 0
e 0 1 1 -1 1484
e 2 3 0 -1 61572
e 4 5 0 -1 65356
e 0 6 1 -1 1484
e 0 7 1 -1 1484
e 0 8 1 -1 1485
e 0 9 1 -1 1484
e 0 10 1 -1 1484
e 2 5 0 -1 40852
e 0 11 1 -1 1484
e 0 12 1 -1 1484
e 0 13 1 -1 1484
e 0 14 1 -1 1484
e 0 15 1 -1 1484
e 2 6 0 -1 63331
b 3 12
b 3 6
b 3 10
b 3 9
b 3 13
b 3 4
b 3 11
b 3 5
b 3 8
b 3 7
b 12 13
b 6 10
b 6 9
b 6 13
b 6 11
b 6 8
b 6 7
b 10 13
b 10 11
b 9 13
b 9 11
b 4 11
b 4 5
b 4 8
b 4 7
b 5 8
b 5 7
