t # s 1
v 0 0
v 1 0
v 2 0
v 3 0
v 4 0
v 5 0
v 6 0
v 7 0
v 8 0
v 9 0
v 10 0
v 11 0
v 12 0
v 13 0
v 14 0
v 15 0
e 0 1 1 -1 1484
e 2 3 1 -1 1485
e 0 4 1 -1 1484
e 0 5 1 -1 1484
e 0 6 1 -1 1484
e 0 7 1 -1 1484
e 0 8 1 -1 1484
e 0 9 1 -1 1484
e 0 10 1 -1 1484
e 11 8 0 -1 33043
e 0 3 1 -1 1484
e 0 12 1 -1 1484
e 0 13 1 -1 1484
e 0 14 1 -1 1485
e 0 15 1 -1 1484
b 10 13
b 10 12
b 10 11
b 10 14
b 13 14
b 12 14
b 11 14
b 3 7
b 3 5
b 3 4
b 3 6
b 3 8
b 7 8
b 0 5
b 0 4
b 0 6
b 0 2
b 0 1
b 0 8
b 5 6
b 5 8
b 4 6
b 4 8
b 6 8
b 2 8
b 1 8
