t # s 1
v 0 0
v 1 0
v 2 0
v 3 0
v 4 0
v 5 0
v 6 0
v 7 0
v 8 0
v 9 0
v 10 0
v 11 0
v 12 0
v 13 0
v 14 0
v 15 0
e 0 1 1 -1 9628
e 2 1 1 -1 8416
e 3 1 1 -1 7768
e 4 5 1 -1 20556
e 3 5 1 -1 20014
e 6 7 1 -1 12964
e 8 1 1 -1 7664
e 6 1 1 -1 6476
e 9 1 1 -1 7748
e 10 1 1 -1 6664
e 11 1 1 -1 6260
e 12 1 1 -1 11320
e 10 13 0 -1 443
e 14 5 1 -1 13664
e 15 1 1 -1 6056
b 6 12
b 6 10
b 6 9
b 6 8
b 6 13
b 6 11
b 6 7
b 12 13
b 2 10
b 2 9
b 2 8
b 2 4
b 2 13
b 2 5
b 2 3
b 2 11
b 2 7
b 10 13
b 10 11
b 9 13
b 9 11
b 8 13
b 8 11
b 4 13
b 4 5
b 4 11
b 4 7
b 5 11
b 5 7
b 3 11
b 3 7
