t # s 1
v 0 0
v 1 0
v 2 0
v 3 0
v 4 0
v 5 0
v 6 0
v 7 0
v 8 0
v 9 0
v 10 0
v 11 0
v 12 0
v 13 0
v 14 0
v 15 0
e 0 1 0 -1 64488
e 2 3 0 -1 39991
e 2 4 0 -1 45631
e 0 4 0 -1 40641
e 0 5 0 -1 51889
e 6 7 1 -1 1485
e 0 8 0 -1 65112
e 2 9 0 -1 50085
e 10 11 1 -1 1485
e 12 11 1 -1 1485
e 12 7 1 -1 1485
e 6 3 1 -1 1485
e 10 13 1 -1 1485
e 6 14 1 -1 1485
e 6 15 1 -1 1485
b 10 12
b 10 11
b 10 13
b 12 13
b 1 8
b 1 7
b 1 11
b 1 5
b 1 6
b 1 9
b 1 4
b 1 2
b 1 3
b 1 13
b 8 11
b 8 9
b 8 13
b 7 11
b 7 9
b 7 13
b 11 13
b 5 6
b 5 9
b 5 13
b 6 9
b 6 13
b 9 13
b 4 13
b 0 2
b 0 3
b 0 13
b 2 3
b 2 13
b 3 13
