t # s 1
v 0 0
v 1 0
v 2 0
v 3 0
v 4 0
v 5 0
v 6 0
v 7 0
v 8 0
v 9 0
v 10 0
v 11 0
v 12 0
v 13 0
v 14 0
v 15 0
e 0 1 0 -1 443
e 2 3 0 -1 443
e 4 1 0 -1 443
e 5 3 0 -1 443
e 6 7 0 -1 443
e 5 1 0 -1 80
e 8 7 0 -1 443
e 9 4 1 -1 1485
e 10 11 0 -1 443
e 12 3 0 -1 443
e 13 7 0 -1 443
e 14 1 0 -1 443
e 6 3 0 -1 80
e 10 1 0 -1 443
e 15 7 0 -1 443
b 7 11
b 7 8
b 7 10
b 7 12
b 7 9
b 11 12
b 4 5
b 4 8
b 4 6
b 4 10
b 4 12
b 4 9
b 5 8
b 5 6
b 5 10
b 5 12
b 5 9
b 8 10
b 8 12
b 8 9
b 2 6
b 2 10
b 2 12
b 2 3
b 2 9
b 6 10
b 6 12
b 6 9
b 10 12
b 3 9
