t # s 1
v 0 0
v 1 0
v 2 0
v 3 0
v 4 0
v 5 0
v 6 0
v 7 0
v 8 0
v 9 0
v 10 0
v 11 0
v 12 0
v 13 0
v 14 0
e 0 1 0 -1 57300
e 0 2 0 -1 47522
e 3 4 1 -1 1484
e 0 5 0 -1 48211
e 3 6 1 -1 1484
e 7 2 0 -1 45693
e 8 9 0 -1 58765
e 8 6 0 -1 54576
e 0 10 0 -1 34499
e 3 2 1 -1 1484
e 3 11 1 -1 1484
e 12 5 0 -1 43149
e 3 13 1 -1 1484
e 7 10 0 -1 40098
e 12 14 0 -1 38313
b 11 12
b 5 10
b 5 9
b 5 6
b 5 12
b 5 7
b 5 8
b 10 12
b 9 12
b 0 3
b 0 6
b 0 12
b 0 4
b 0 7
b 0 2
b 0 1
b 0 8
b 3 6
b 3 12
b 3 4
b 3 7
b 3 8
b 6 12
b 6 7
b 6 8
b 4 7
b 4 8
b 7 8
b 2 8
b 1 8
