t # s 1
v 0 0
v 1 0
v 2 0
v 3 0
v 4 0
v 5 0
v 6 0
v 7 0
v 8 0
v 9 0
v 10 0
v 11 0
v 12 0
v 13 0
v 14 0
v 15 0
e 0 1 0 -1 80
e 2 1 0 -1 80
e 3 1 0 -1 443
e 4 1 0 -1 80
e 5 1 0 -1 80
e 6 1 0 -1 80
e 3 7 1 -1 63902
e 8 1 0 -1 80
e 9 1 0 -1 80
e 10 1 0 -1 80
e 11 1 0 -1 80
e 12 1 0 -1 443
e 13 1 0 -1 80
e 14 1 0 -1 443
e 15 1 0 -1 80
b 4 11
b 4 12
b 4 13
b 4 10
b 4 9
b 4 7
b 4 8
b 4 5
b 4 6
b 4 14
b 11 12
b 11 13
b 11 14
b 12 13
b 12 14
b 13 14
b 10 14
b 9 14
b 7 8
b 7 14
b 8 14
b 5 6
b 5 14
b 6 14
b 3 14
