t # s 1
v 0 0
v 1 0
v 2 0
v 3 0
v 4 0
v 5 0
v 6 0
v 7 0
v 8 0
v 9 0
v 10 0
v 11 0
v 12 0
v 13 0
v 14 0
v 15 0
e 0 1 1 -1 1484
e 0 2 1 -1 1484
e 0 3 1 -1 1484
e 0 4 1 -1 1484
e 5 6 1 -1 1485
e 0 7 1 -1 1484
e 0 8 1 -1 1484
e 0 9 1 -1 1484
e 0 10 1 -1 1484
e 0 11 1 -1 1485
e 12 6 1 -1 1485
e 0 6 1 -1 1484
e 0 13 1 -1 1484
e 0 14 1 -1 1484
e 15 8 0 -1 46939
b 8 12
b 8 11
b 8 9
b 8 14
b 8 13
b 8 10
b 6 12
b 6 11
b 6 9
b 6 14
b 6 7
b 6 13
b 6 10
b 12 14
b 12 13
b 11 14
b 11 13
b 5 9
b 5 14
b 5 7
b 5 13
b 5 10
b 9 14
b 9 13
b 9 10
b 7 13
b 7 10
b 3 4
b 3 13
b 3 10
b 2 4
b 2 13
b 2 10
b 4 13
b 4 10
