t # s 1
v 0 0
v 1 0
v 2 0
v 3 0
v 4 0
v 5 0
v 6 0
v 7 0
v 8 0
v 9 0
v 10 0
v 11 0
v 12 0
v 13 0
v 14 0
v 15 0
e 0 1 0 -1 443
e 2 3 3 -1 -1
e 4 1 0 -1 443
e 5 6 0 -1 80
e 7 1 0 -1 443
e 5 8 0 -1 80
e 9 1 0 -1 443
e 2 10 0 -1 443
e 5 11 0 -1 80
e 0 10 0 -1 443
e 12 10 0 -1 443
e 13 10 0 -1 80
e 14 10 0 -1 443
e 15 1 0 -1 80
e 2 11 0 -1 443
b 6 9
b 6 12
b 6 7
b 6 11
b 6 8
b 6 10
b 2 4
b 2 9
b 2 12
b 2 7
b 2 11
b 2 5
b 2 8
b 2 10
b 2 3
b 4 9
b 4 12
b 4 7
b 4 11
b 4 5
b 4 8
b 4 10
b 9 12
b 9 11
b 9 10
b 7 11
b 7 8
b 7 10
b 5 8
b 5 10
b 8 10
