t # s 1
v 0 0
v 1 0
v 2 0
v 3 0
v 4 0
v 5 0
v 6 0
v 7 0
v 8 0
v 9 0
v 10 0
v 11 0
v 12 0
v 13 0
v 14 0
e 0 1 0 -1 80
e 2 3 0 -1 80
e 4 5 1 -1 53
e 6 7 0 -1 80
e 4 1 0 -1 80
e 8 3 0 -1 80
e 8 7 0 -1 80
e 9 3 0 -1 80
e 10 11 0 -1 80
e 0 3 0 -1 80
e 2 11 0 -1 80
e 0 11 0 -1 80
e 12 3 0 -1 80
e 13 1 0 -1 80
e 14 3 0 -1 80
b 6 9
b 6 12
b 6 13
b 6 10
b 6 14
b 6 7
b 6 8
b 6 11
b 9 12
b 9 13
b 9 10
b 9 14
b 9 11
b 12 13
b 12 14
b 13 14
b 10 14
b 10 11
b 5 7
b 5 8
b 5 11
b 7 8
b 7 11
b 4 8
b 4 11
b 8 11
b 3 11
