t # s 1
v 0 0
v 1 0
v 2 0
v 3 0
v 4 0
v 5 0
v 6 0
v 7 0
v 8 0
v 9 0
v 10 0
v 11 0
v 12 0
v 13 0
v 14 0
v 15 0
e 0 1 0 -1 80
e 2 3 1 -1 7828
e 4 3 1 -1 7664
e 5 1 0 -1 80
e 6 1 0 -1 80
e 7 3 1 -1 6664
e 8 3 1 -1 7848
e 9 1 0 -1 80
e 10 1 0 -1 80
e 11 1 0 -1 80
e 12 3 1 -1 7768
e 13 1 0 -1 80
e 14 1 0 -1 80
e 15 3 1 -1 8416
e 5 3 1 -1 9628
b 10 13
b 10 11
b 10 14
b 10 12
b 4 13
b 4 9
b 4 6
b 4 11
b 4 5
b 4 14
b 4 7
b 4 8
b 4 12
b 2 13
b 2 9
b 2 6
b 2 3
b 2 11
b 2 5
b 2 14
b 2 7
b 2 8
b 2 12
b 0 13
b 0 9
b 0 6
b 0 3
b 0 11
b 0 5
b 0 14
b 0 1
b 0 7
b 0 8
b 0 12
b 13 14
b 9 11
b 9 14
b 9 12
b 6 11
b 6 14
b 6 7
b 6 8
b 6 12
b 3 11
b 3 5
b 3 14
b 3 7
b 3 8
b 3 12
b 11 14
b 11 12
b 5 14
b 5 7
b 5 8
b 5 12
b 1 7
b 1 8
b 1 12
b 7 8
b 7 12
b 8 12
