t # s 1
v 0 0
v 1 0
v 2 0
v 3 0
v 4 0
v 5 0
v 6 0
v 7 0
v 8 0
v 9 0
v 10 0
v 11 0
v 12 0
v 13 0
v 14 0
v 15 0
e 0 1 1 -1 1485
e 2 3 0 -1 55166
e 2 4 0 -1 38345
e 2 5 0 -1 58559
e 0 6 1 -1 1484
e 0 7 1 -1 1484
e 0 8 1 -1 1484
e 0 9 1 -1 1484
e 10 1 1 -1 1485
e 0 4 1 -1 1484
e 0 11 1 -1 1484
e 10 12 1 -1 1484
e 13 14 0 -1 34104
e 0 15 1 -1 1484
e 2 14 0 -1 53971
b 2 9
b 2 10
b 2 3
b 2 7
b 2 8
b 2 12
b 2 5
b 2 4
b 2 11
b 2 6
b 2 14
b 2 13
b 9 10
b 9 12
b 9 11
b 9 14
b 9 13
b 10 12
b 10 11
b 10 14
b 10 13
b 3 7
b 3 8
b 3 12
b 3 5
b 3 4
b 3 11
b 3 6
b 3 14
b 3 13
b 7 8
b 7 12
b 7 11
b 7 14
b 7 13
b 8 12
b 8 11
b 8 14
b 8 13
b 1 12
b 1 5
b 1 4
b 1 11
b 1 6
b 1 14
b 1 13
b 12 14
b 12 13
b 5 11
b 5 6
b 5 14
b 5 13
b 4 11
b 4 6
b 4 14
b 4 13
b 11 14
b 11 13
b 0 6
b 0 14
b 0 13
b 6 14
b 6 13
