t # s 1
v 0 0
v 1 0
v 2 0
v 3 0
v 4 0
v 5 0
v 6 0
v 7 0
v 8 0
v 9 0
v 10 0
v 11 0
v 12 0
v 13 0
v 14 0
v 15 0
e 0 1 1 -1 1484
e 0 2 1 -1 1484
e 3 4 0 -1 45449
e 5 6 1 -1 1485
e 7 8 1 -1 1485
e 0 9 1 -1 1484
e 5 10 1 -1 1485
e 3 11 0 -1 63221
e 0 4 1 -1 1484
e 0 12 1 -1 1485
e 7 6 1 -1 1485
e 7 1 1 -1 1485
e 0 13 1 -1 1484
e 0 14 1 -1 1485
e 3 15 0 -1 35400
b 7 13
b 7 11
b 7 12
b 7 10
b 7 8
b 7 14
b 7 9
b 13 14
b 11 12
b 11 14
b 12 14
b 10 14
b 2 8
b 2 6
b 2 14
b 2 5
b 2 4
b 2 9
b 2 3
b 8 14
b 8 9
b 6 14
b 6 9
b 5 9
b 4 9
b 0 9
b 0 1
b 0 3
b 1 3
