t # s 1
v 0 0
v 1 0
v 2 0
v 3 0
v 4 0
v 5 0
v 6 0
v 7 0
v 8 0
v 9 0
v 10 0
v 11 0
v 12 0
v 13 0
v 14 0
v 15 0
e 0 1 1 -1 1485
e 2 3 0 -1 63157
e 2 4 0 -1 55796
e 2 5 0 -1 58148
e 2 6 0 -1 33260
e 0 7 1 -1 1485
e 8 9 1 -1 1485
e 8 10 1 -1 1485
e 11 3 0 -1 49258
e 11 10 0 -1 35198
e 8 12 1 -1 1485
e 0 13 1 -1 1485
e 8 7 1 -1 1485
e 11 14 0 -1 47457
e 11 15 0 -1 47088
b 9 12
b 9 11
b 9 10
b 9 13
b 12 13
b 5 11
b 5 8
b 5 7
b 5 6
b 5 10
b 5 13
b 4 11
b 4 8
b 4 7
b 4 6
b 4 10
b 4 13
b 11 13
b 8 10
b 8 13
b 7 10
b 7 13
b 6 10
b 6 13
b 3 10
b 3 13
b 10 13
