t # s 1
v 0 0
v 1 0
v 2 0
v 3 0
v 4 0
v 5 0
v 6 0
v 7 0
v 8 0
v 9 0
v 10 0
v 11 0
v 12 0
v 13 0
v 14 0
e 0 1 0 -1 43697
e 2 3 1 -1 1484
e 0 4 0 -1 56826
e 2 5 1 -1 1484
e 0 6 0 -1 39885
e 2 7 1 -1 1484
e 2 8 1 -1 1485
e 0 9 0 -1 53672
e 0 10 0 -1 45462
e 2 11 1 -1 1484
e 2 12 1 -1 1484
e 13 10 0 -1 61999
e 2 4 1 -1 1484
e 2 14 1 -1 1485
e 2 10 1 -1 1484
b 5 9
b 5 7
b 5 6
b 5 10
b 5 11
b 5 8
b 9 10
b 9 11
b 4 7
b 4 6
b 4 10
b 4 11
b 4 8
b 1 7
b 1 6
b 1 10
b 1 11
b 1 2
b 1 8
b 1 3
b 7 10
b 7 11
b 7 8
b 6 10
b 6 11
b 6 8
b 0 10
b 0 11
b 0 2
b 0 8
b 0 3
b 10 11
b 2 8
b 2 3
