t # s 1
v 0 0
v 1 0
v 2 0
v 3 0
v 4 0
v 5 0
v 6 0
v 7 0
v 8 0
v 9 0
v 10 0
v 11 0
v 12 0
v 13 0
v 14 0
v 15 0
e 0 1 1 -1 1485
e 2 3 1 -1 1484
e 2 4 1 -1 1484
e 2 5 1 -1 1484
e 2 6 1 -1 1484
e 2 7 1 -1 1484
e 2 8 1 -1 1484
e 9 8 0 -1 46939
e 2 10 1 -1 1484
e 2 11 1 -1 1484
e 2 12 1 -1 1484
e 13 1 1 -1 1485
e 2 14 1 -1 1484
e 2 15 1 -1 1485
e 13 7 1 -1 1485
b 7 12
b 7 11
b 7 10
b 7 9
b 7 8
b 7 13
b 12 13
b 11 13
b 10 13
b 1 5
b 1 9
b 1 6
b 1 8
b 1 4
b 1 3
b 1 2
b 1 13
b 5 9
b 5 6
b 5 8
b 5 13
b 9 13
b 6 8
b 6 13
b 8 13
b 4 13
b 3 13
b 2 13
