t # s 1
v 0 0
v 1 0
v 2 0
v 3 0
v 4 0
v 5 0
v 6 0
v 7 0
v 8 0
v 9 0
v 10 0
v 11 0
v 12 0
v 13 0
v 14 0
e 0 1 0 -1 34260
e 2 3 0 -1 51855
e 2 4 0 -1 64027
e 0 5 0 -1 54955
e 6 5 0 -1 33698
e 0 7 0 -1 58666
e 2 8 0 -1 40017
e 9 10 1 -1 1485
e 9 11 1 -1 1485
e 0 12 0 -1 42580
e 2 13 0 -1 37301
e 6 8 0 -1 59039
e 9 8 1 -1 1485
e 0 14 0 -1 42359
e 0 13 0 -1 32902
b 2 12
b 2 11
b 2 13
b 2 9
b 2 6
b 2 7
b 2 5
b 2 4
b 2 8
b 2 3
b 2 10
b 12 13
b 11 13
b 9 10
b 6 7
b 6 8
b 6 10
b 7 8
b 7 10
b 5 8
b 5 10
b 4 8
b 4 10
b 8 10
b 3 10
b 1 10
