t # s 1
v 0 0
v 1 0
v 2 0
v 3 0
v 4 0
v 5 0
v 6 0
v 7 0
v 8 0
v 9 0
v 10 0
v 11 0
v 12 0
v 13 0
v 14 0
v 15 0
e 0 1 0 -1 54471
e 2 3 0 -1 49830
e 0 4 0 -1 51152
e 2 1 0 -1 53971
e 5 6 1 -1 1485
e 5 7 1 -1 1485
e 0 8 0 -1 40437
e 2 9 0 -1 63102
e 10 7 1 -1 1485
e 5 11 1 -1 1485
e 5 12 1 -1 1485
e 5 13 1 -1 1485
e 5 14 1 -1 1485
e 5 3 1 -1 1485
e 0 15 0 -1 45283
b 9 10
b 9 11
b 9 13
b 9 14
b 9 12
b 7 10
b 7 11
b 7 13
b 7 14
b 7 12
b 7 8
b 2 3
b 2 5
b 2 10
b 2 4
b 2 11
b 2 13
b 2 14
b 2 12
b 2 6
b 2 8
b 3 5
b 3 10
b 3 4
b 3 11
b 3 13
b 3 14
b 3 12
b 3 6
b 3 8
b 5 10
b 5 11
b 5 13
b 5 14
b 5 12
b 5 6
b 5 8
b 10 11
b 10 13
b 10 14
b 10 12
b 1 4
b 1 11
b 1 13
b 1 14
b 1 12
b 1 6
b 1 8
b 4 11
b 4 13
b 4 14
b 4 12
b 4 6
b 4 8
b 11 13
b 11 14
b 11 12
b 0 13
b 0 14
b 0 12
b 0 6
b 0 8
b 13 14
b 6 8
