t # s 1
v 0 0
v 1 0
v 2 0
v 3 0
v 4 0
v 5 0
v 6 0
v 7 0
v 8 0
v 9 0
v 10 0
v 11 0
v 12 0
v 13 0
v 14 0
v 15 0
e 0 1 1 -1 1484
e 0 2 1 -1 1484
e 3 2 0 -1 46890
e 0 4 1 -1 1484
e 0 5 1 -1 1484
e 6 2 0 -1 37286
e 0 7 1 -1 1484
e 0 8 1 -1 1484
e 0 9 1 -1 1484
e 0 10 1 -1 1484
e 11 10 1 -1 1485
e 0 12 1 -1 1485
e 0 13 1 -1 1484
e 14 2 0 -1 62527
e 0 15 1 -1 1484
b 9 13
b 9 12
b 9 10
b 9 11
b 9 14
b 13 14
b 12 14
b 4 10
b 4 6
b 4 8
b 4 7
b 4 5
b 4 11
b 4 14
b 10 11
b 10 14
b 6 8
b 6 7
b 6 11
b 6 14
b 8 11
b 8 14
b 7 11
b 7 14
b 5 11
b 5 14
b 3 11
b 3 14
b 11 14
