t # s 1
v 0 0
v 1 0
v 2 0
v 3 0
v 4 0
v 5 0
v 6 0
v 7 0
v 8 0
v 9 0
v 10 0
v 11 0
v 12 0
v 13 0
v 14 0
v 15 0
e 0 1 1 -1 1485
e 0 2 1 -1 1485
e 3 4 0 -1 49666
e 5 6 1 -1 1485
e 3 7 0 -1 39302
e 3 8 0 -1 42359
e 3 9 0 -1 49606
e 3 10 0 -1 43540
e 5 11 1 -1 1485
e 3 12 0 -1 63239
e 0 11 1 -1 1485
e 3 1 0 -1 54546
e 5 13 1 -1 1485
e 0 14 1 -1 1485
e 3 15 0 -1 36779
b 4 11
b 4 9
b 4 8
b 4 7
b 4 6
b 4 5
b 4 10
b 4 12
b 11 12
b 3 9
b 3 8
b 3 7
b 3 6
b 3 5
b 3 10
b 3 12
b 9 10
b 9 12
b 8 10
b 8 12
b 7 10
b 7 12
b 6 10
b 6 12
b 5 10
b 5 12
b 0 10
b 0 2
b 0 1
b 0 12
b 10 12
b 2 12
b 1 12
