t # s 1
v 0 0
v 1 0
v 2 0
v 3 0
v 4 0
v 5 0
v 6 0
v 7 0
v 8 0
v 9 0
v 10 0
v 11 0
v 12 0
v 13 0
v 14 0
v 15 0
e 0 1 1 -1 1485
e 0 2 1 -1 1485
e 0 3 1 -1 1485
e 4 5 1 -1 1484
e 4 6 1 -1 1484
e 7 3 0 -1 35198
e 7 8 0 -1 48221
e 9 10 1 -1 1485
e 4 11 1 -1 1484
e 4 12 1 -1 1484
e 4 13 1 -1 1484
e 0 10 1 -1 1485
e 4 14 1 -1 1484
e 4 1 1 -1 1484
e 4 15 1 -1 1484
b 12 13
b 4 11
b 4 8
b 4 9
b 4 5
b 4 7
b 4 6
b 4 10
b 4 13
b 11 13
b 8 9
b 8 10
b 8 13
b 9 10
b 9 13
b 5 7
b 5 6
b 5 10
b 5 13
b 7 10
b 7 13
b 6 10
b 6 13
b 2 10
b 2 3
b 2 13
b 0 1
b 0 10
b 0 3
b 0 13
b 1 10
b 1 3
b 1 13
b 10 13
b 3 13
