t # s 1
v 0 0
v 1 0
v 2 0
v 3 0
v 4 0
v 5 0
v 6 0
v 7 0
v 8 0
v 9 0
v 10 0
v 11 0
v 12 0
v 13 0
v 14 0
v 15 0
e 0 1 1 -1 1485
e 0 2 1 -1 1485
e 3 4 0 -1 55962
e 3 5 0 -1 62920
e 0 6 1 -1 1485
e 0 7 1 -1 1485
e 8 9 1 -1 1485
e 8 5 1 -1 1485
e 10 11 0 -1 43341
e 10 12 0 -1 37282
e 10 13 0 -1 33082
e 10 1 0 -1 53680
e 3 14 0 -1 46506
e 8 7 1 -1 1485
e 10 15 0 -1 61922
b 2 14
b 2 12
b 2 11
b 2 10
b 2 8
b 2 7
b 2 6
b 2 5
b 2 4
b 2 3
b 2 13
b 2 9
b 12 13
b 11 13
b 10 13
b 1 8
b 1 7
b 1 6
b 1 5
b 1 4
b 1 3
b 1 13
b 1 9
b 8 13
b 8 9
b 7 13
b 7 9
b 6 13
b 6 9
b 5 13
b 5 9
b 4 13
b 4 9
b 3 13
b 3 9
