t # s 1
v 0 0
v 1 0
v 2 0
v 3 0
v 4 0
v 5 0
v 6 0
v 7 0
v 8 0
v 9 0
v 10 0
v 11 0
v 12 0
v 13 0
v 14 0
v 15 0
e 0 1 0 -1 62439
e 2 3 1 -1 1484
e 2 4 1 -1 1484
e 0 5 0 -1 34011
e 2 6 1 -1 1484
e 2 7 1 -1 1484
e 0 8 0 -1 64920
e 0 9 0 -1 57111
e 10 11 0 -1 35706
e 0 12 0 -1 56144
e 0 11 0 -1 54663
e 2 13 1 -1 1485
e 2 1 1 -1 1484
e 0 14 0 -1 65150
e 2 15 1 -1 1484
b 6 8
b 6 11
b 6 9
b 6 12
b 6 7
b 6 13
b 6 10
b 8 11
b 8 9
b 8 12
b 8 13
b 8 10
b 11 12
b 11 13
b 3 9
b 3 12
b 3 7
b 3 5
b 3 13
b 3 4
b 3 10
b 9 12
b 9 13
b 9 10
b 12 13
b 7 13
b 7 10
b 5 13
b 5 10
b 4 10
