t # s 1
v 0 0
v 1 0
v 2 0
v 3 0
v 4 0
v 5 0
v 6 0
v 7 0
v 8 0
v 9 0
v 10 0
v 11 0
v 12 0
v 13 0
v 14 0
v 15 0
e 0 1 0 -1 62439
e 2 3 1 -1 1484
e 2 4 1 -1 1484
e 0 5 0 -1 34011
e 2 6 1 -1 1484
e 2 7 1 -1 1484
e 0 8 0 -1 64920
e 0 9 0 -1 57111
e 10 11 0 -1 35706
e 0 12 0 -1 56144
e 0 11 0 -1 54663
e 2 13 1 -1 1485
e 2 1 1 -1 1484
e 0 14 0 -1 65150
e 2 15 1 -1 1484
b 13 14
b 9 11
b 9 14
b 9 10
b 9 12
b 2 8
b 2 7
b 2 11
b 2 14
b 2 3
b 2 10
b 2 5
b 2 6
b 2 4
b 2 12
b 8 11
b 8 14
b 8 10
b 8 12
b 1 7
b 1 11
b 1 14
b 1 3
b 1 10
b 1 5
b 1 6
b 1 4
b 1 12
b 7 11
b 7 14
b 7 10
b 7 12
b 11 14
b 11 12
b 3 10
b 3 5
b 3 6
b 3 4
b 3 12
b 10 12
b 5 6
b 5 12
b 6 12
b 4 12
b 0 12
