t # s 1
v 0 0
v 1 0
v 2 0
v 3 0
v 4 0
v 5 0
v 6 0
v 7 0
v 8 0
v 9 0
v 10 0
v 11 0
v 12 0
v 13 0
v 14 0
v 15 0
e 0 1 1 -1 1485
e 0 2 1 -1 1484
e 3 4 0 -1 58370
e 0 5 1 -1 1484
e 0 6 1 -1 1484
e 7 8 0 -1 42773
e 7 9 0 -1 33287
e 0 10 1 -1 1484
e 0 9 1 -1 1484
e 11 8 0 -1 64274
e 0 12 1 -1 1484
e 13 5 0 -1 46939
e 0 14 1 -1 1484
e 0 15 1 -1 1484
e 0 4 1 -1 1485
b 3 5
b 3 10
b 3 9
b 3 11
b 3 6
b 3 8
b 3 4
b 3 7
b 3 12
b 5 10
b 5 9
b 5 11
b 5 6
b 5 8
b 5 7
b 5 12
b 10 11
b 10 12
b 9 11
b 9 12
b 11 12
b 6 8
b 6 7
b 6 12
b 2 8
b 2 4
b 2 7
b 2 12
b 8 12
b 4 7
b 4 12
b 7 12
