t # s 1
v 0 0
v 1 0
v 2 0
v 3 0
v 4 0
v 5 0
v 6 0
v 7 0
v 8 0
v 9 0
v 10 0
v 11 0
v 12 0
v 13 0
v 14 0
e 0 1 0 -1 53535
e 2 3 0 -1 52756
e 4 5 1 -1 1485
e 4 6 1 -1 1485
e 7 6 1 -1 1485
e 4 8 1 -1 1485
e 4 9 1 -1 1485
e 2 10 0 -1 58535
e 2 11 0 -1 34958
e 0 12 0 -1 36375
e 0 10 0 -1 41230
e 0 5 0 -1 53813
e 0 13 0 -1 65232
e 0 11 0 -1 35399
e 0 14 0 -1 37192
b 12 13
b 1 11
b 1 10
b 1 8
b 1 9
b 1 7
b 1 2
b 1 3
b 1 4
b 1 5
b 1 6
b 1 13
b 11 13
b 10 13
b 8 9
b 8 13
b 9 13
b 7 13
b 2 3
b 2 4
b 2 5
b 2 6
b 2 13
b 3 4
b 3 5
b 3 6
b 3 13
b 4 5
b 4 6
b 4 13
b 5 6
b 5 13
b 6 13
