t # s 1
v 0 0
v 1 0
v 2 0
v 3 0
v 4 0
v 5 0
v 6 0
v 7 0
v 8 0
v 9 0
v 10 0
v 11 0
v 12 0
v 13 0
v 14 0
e 0 1 0 -1 63706
e 2 3 1 -1 1484
e 4 1 0 -1 63051
e 5 6 0 -1 50286
e 2 7 1 -1 1484
e 0 8 0 -1 37515
e 2 9 1 -1 1484
e 2 10 1 -1 1484
e 2 11 1 -1 1484
e 0 7 0 -1 38831
e 5 12 0 -1 34832
e 5 1 0 -1 34104
e 4 7 0 -1 37848
e 13 6 0 -1 41453
e 2 14 1 -1 1485
b 10 12
b 10 11
b 10 14
b 10 13
b 9 12
b 9 11
b 9 14
b 9 13
b 12 14
b 12 13
b 11 14
b 11 13
b 3 8
b 3 4
b 3 6
b 3 5
b 3 7
b 3 13
b 8 13
b 4 6
b 4 5
b 4 7
b 4 13
b 6 7
b 6 13
b 5 7
b 5 13
b 7 13
