t # s 1
v 0 0
v 1 0
v 2 0
v 3 0
v 4 0
v 5 0
v 6 0
v 7 0
v 8 0
v 9 0
v 10 0
v 11 0
v 12 0
v 13 0
v 14 0
v 15 0
e 0 1 1 -1 1484
e 0 2 1 -1 1484
e 0 3 1 -1 1484
e 0 4 1 -1 1484
e 0 5 1 -1 1484
e 0 6 1 -1 1485
e 0 7 1 -1 1484
e 8 9 1 -1 1485
e 0 10 1 -1 1484
e 8 6 1 -1 1485
e 0 11 1 -1 1484
e 0 12 1 -1 1485
e 0 13 1 -1 1484
e 14 10 0 -1 60777
e 4 15 0 -1 80
b 9 13
b 9 11
b 9 14
b 9 10
b 9 12
b 13 14
b 6 11
b 6 14
b 6 8
b 6 7
b 6 10
b 6 12
b 11 14
b 11 12
b 3 14
b 3 8
b 3 7
b 3 10
b 3 12
b 3 4
b 3 5
b 8 10
b 8 12
b 7 10
b 7 12
b 10 12
b 4 5
b 2 5
