t # s 1
v 0 0
v 1 0
v 2 0
v 3 0
v 4 0
v 5 0
v 6 0
v 7 0
v 8 0
v 9 0
v 10 0
v 11 0
v 12 0
v 13 0
v 14 0
e 0 1 0 -1 40163
e 0 2 0 -1 64864
e 3 4 1 -1 1485
e 0 5 0 -1 35385
e 6 5 0 -1 33891
e 7 4 1 -1 1485
e 6 8 0 -1 58148
e 0 9 0 -1 51576
e 10 11 3 -1 -1
e 6 2 0 -1 52880
e 0 11 0 -1 44631
e 6 12 0 -1 45995
e 7 13 1 -1 1485
e 7 14 1 -1 1485
e 7 11 1 -1 1485
b 1 10
b 1 4
b 1 8
b 1 5
b 1 6
b 1 7
b 1 11
b 1 3
b 1 2
b 1 9
b 10 11
b 4 8
b 4 5
b 4 6
b 4 7
b 4 11
b 4 9
b 8 11
b 8 9
b 5 6
b 5 7
b 5 11
b 5 9
b 6 7
b 6 11
b 6 9
b 7 11
b 7 9
b 3 9
b 2 9
