t # s 1
v 0 0
v 1 0
v 2 0
v 3 0
v 4 0
v 5 0
v 6 0
v 7 0
v 8 0
v 9 0
v 10 0
v 11 0
v 12 0
v 13 0
v 14 0
v 15 0
e 0 1 0 -1 34337
e 2 3 1 -1 1485
e 0 4 0 -1 45667
e 0 5 0 -1 42753
e 0 6 0 -1 42335
e 0 7 0 -1 61161
e 2 8 1 -1 1485
e 0 9 0 -1 65473
e 2 10 1 -1 1485
e 0 11 0 -1 64536
e 2 12 1 -1 1485
e 13 14 1 -1 1485
e 13 15 1 -1 1485
e 13 4 1 -1 1485
e 13 8 1 -1 1485
b 12 13
b 12 14
b 13 14
b 10 11
b 10 14
b 9 11
b 9 14
b 11 14
b 1 6
b 1 7
b 1 8
b 1 5
b 1 4
b 1 3
b 1 2
b 1 14
b 6 7
b 6 8
b 6 14
b 7 8
b 7 14
b 8 14
b 5 14
b 4 14
b 3 14
b 2 14
