t # s 1
v 0 0
v 1 0
v 2 0
v 3 0
v 4 0
v 5 0
v 6 0
v 7 0
v 8 0
v 9 0
v 10 0
v 11 0
v 12 0
v 13 0
e 0 1 1 -1 1484
e 2 3 1 -1 1484
e 4 5 0 -1 54875
e 4 1 0 -1 51494
e 6 1 0 -1 38354
e 0 7 1 -1 1484
e 0 3 1 -1 1484
e 6 8 0 -1 63581
e 9 10 0 -1 46939
e 4 8 0 -1 40344
e 2 10 1 -1 1484
e 11 12 0 -1 44358
e 6 12 0 -1 60003
e 13 7 1 -1 1485
e 0 10 1 -1 1484
b 0 13
b 0 12
b 0 11
b 0 10
b 0 9
b 0 8
b 0 7
b 0 6
b 0 5
b 0 4
b 0 3
b 0 2
b 0 1
b 0 14
b 13 14
b 12 14
b 11 14
b 10 14
b 9 14
b 8 14
b 7 14
b 6 14
b 5 14
b 4 14
b 3 14
b 2 14
b 1 14
