t # s 1
v 0 0
v 1 0
v 2 0
v 3 0
v 4 0
v 5 0
v 6 0
v 7 0
v 8 0
v 9 0
v 10 0
v 11 0
v 12 0
v 13 0
v 14 0
v 15 0
e 0 1 1 -1 1485
e 2 3 1 -1 1485
e 4 1 1 -1 1484
e 2 5 1 -1 1485
e 4 6 1 -1 1484
e 4 7 1 -1 1484
e 4 8 1 -1 1484
e 4 9 1 -1 1485
e 4 5 1 -1 1485
e 4 10 1 -1 1484
e 11 12 0 -1 443
e 4 12 1 -1 1485
e 4 13 1 -1 1484
e 4 14 1 -1 1484
e 4 15 1 -1 1484
b 8 12
b 8 10
b 8 13
b 8 11
b 8 9
b 1 12
b 1 10
b 1 5
b 1 4
b 1 7
b 1 13
b 1 11
b 1 3
b 1 9
b 1 2
b 1 6
b 12 13
b 10 13
b 10 11
b 5 7
b 5 13
b 5 11
b 5 9
b 5 6
b 4 7
b 4 13
b 4 11
b 4 9
b 4 6
b 7 13
b 7 11
b 7 9
b 3 9
b 3 6
b 2 6
