t # s 1
v 0 0
v 1 0
v 2 0
v 3 0
v 4 0
v 5 0
v 6 0
v 7 0
v 8 0
v 9 0
v 10 0
v 11 0
v 12 0
v 13 0
v 14 0
v 15 0
e 0 1 0 -1 80
e 2 3 1 -1 8324
e 4 3 1 -1 7748
e 5 1 0 -1 80
e 6 7 1 -1 56140
e 8 3 1 -1 9628
e 6 3 1 -1 7848
e 9 3 1 -1 11320
e 10 11 1 -1 13664
e 12 11 1 -1 20556
e 2 11 1 -1 20014
e 13 3 1 -1 7828
e 14 3 1 -1 7664
e 10 1 0 -1 80
e 15 3 1 -1 6476
b 11 12
b 11 13
b 12 13
b 2 6
b 2 9
b 2 8
b 2 7
b 2 10
b 2 5
b 2 4
b 2 3
b 2 13
b 6 9
b 6 8
b 6 7
b 6 10
b 6 13
b 9 10
b 9 13
b 8 10
b 8 13
b 7 10
b 7 13
b 10 13
b 5 13
b 4 13
b 3 13
