t # s 1
v 0 0
v 1 0
v 2 0
v 3 0
v 4 0
v 5 0
v 6 0
v 7 0
v 8 0
v 9 0
v 10 0
v 11 0
v 12 0
v 13 0
v 14 0
v 15 0
e 0 1 1 -1 1485
e 2 3 1 -1 1484
e 2 4 1 -1 1484
e 2 5 1 -1 1484
e 6 7 0 -1 45667
e 2 8 1 -1 1484
e 0 9 1 -1 1485
e 0 10 1 -1 1485
e 2 11 1 -1 1484
e 12 5 1 -1 1485
e 12 7 1 -1 1485
e 2 13 1 -1 1484
e 0 14 1 -1 1485
e 12 14 1 -1 1485
e 2 15 1 -1 1484
b 10 12
b 10 13
b 10 14
b 10 11
b 1 12
b 1 13
b 1 14
b 1 9
b 1 8
b 1 7
b 1 6
b 1 5
b 1 4
b 1 3
b 1 2
b 1 11
b 12 13
b 12 14
b 13 14
b 9 11
b 8 11
b 7 11
b 6 11
b 5 11
b 4 11
b 3 11
b 2 11
