t # s 1
v 0 0
v 1 0
v 2 0
v 3 0
v 4 0
v 5 0
v 6 0
v 7 0
v 8 0
v 9 0
v 10 0
v 11 0
v 12 0
v 13 0
v 14 0
v 15 0
e 0 1 0 -1 80
e 2 1 0 -1 443
e 3 1 0 -1 80
e 4 5 1 -1 25200
e 6 1 0 -1 80
e 7 1 0 -1 80
e 6 5 1 -1 25200
e 8 1 0 -1 80
e 9 1 0 -1 80
e 10 1 0 -1 80
e 11 12 0 -1 80
e 11 1 0 -1 80
e 13 1 0 -1 80
e 14 1 0 -1 80
e 15 1 0 -1 80
b 3 9
b 3 12
b 3 13
b 3 10
b 3 11
b 3 8
b 3 7
b 3 6
b 3 4
b 3 14
b 3 5
b 9 12
b 9 13
b 9 10
b 9 11
b 9 14
b 12 13
b 12 14
b 13 14
b 10 11
b 10 14
b 11 14
b 8 14
b 7 14
b 1 6
b 1 4
b 1 2
b 1 14
b 1 5
b 6 14
b 4 14
b 4 5
b 2 14
b 2 5
