t # s 1
v 0 0
v 1 0
v 2 0
v 3 0
v 4 0
v 5 0
v 6 0
v 7 0
v 8 0
v 9 0
v 10 0
v 11 0
v 12 0
v 13 0
v 14 0
v 15 0
e 0 1 0 -1 41294
e 2 3 1 -1 1485
e 2 4 1 -1 1484
e 0 5 0 -1 65112
e 2 6 1 -1 1485
e 2 7 1 -1 1484
e 0 8 0 -1 46905
e 2 9 1 -1 1484
e 2 10 1 -1 1484
e 2 11 1 -1 1484
e 0 7 0 -1 45594
e 2 12 1 -1 1484
e 0 13 0 -1 38370
e 0 14 0 -1 33129
e 2 15 1 -1 1484
b 2 12
b 2 11
b 2 10
b 2 8
b 2 3
b 2 7
b 2 6
b 2 5
b 2 4
b 2 9
b 2 13
b 12 13
b 11 13
b 10 13
b 8 9
b 8 13
b 3 7
b 3 6
b 3 5
b 3 4
b 3 9
b 3 13
b 7 9
b 7 13
b 6 9
b 6 13
b 5 9
b 5 13
b 4 9
b 4 13
b 9 13
b 1 13
b 0 13
