t # s 1
v 0 0
v 1 0
v 2 0
v 3 0
v 4 0
v 5 0
v 6 0
v 7 0
v 8 0
v 9 0
v 10 0
v 11 0
v 12 0
v 13 0
v 14 0
v 15 0
e 0 1 0 -1 36865
e 2 3 1 -1 1484
e 4 5 1 -1 1485
e 6 3 0 -1 51336
e 4 7 1 -1 1485
e 2 7 1 -1 1484
e 2 8 1 -1 1484
e 9 3 0 -1 39313
e 2 10 1 -1 1484
e 11 3 0 -1 49018
e 2 12 1 -1 1484
e 2 13 1 -1 1484
e 14 1 0 -1 443
e 2 1 1 -1 1485
e 4 15 1 -1 1485
b 6 13
b 6 12
b 6 11
b 6 10
b 6 8
b 6 7
b 6 14
b 6 9
b 13 14
b 12 14
b 11 14
b 10 14
b 2 8
b 2 7
b 2 14
b 2 5
b 2 4
b 2 3
b 2 9
b 8 14
b 8 9
b 7 14
b 7 9
b 5 9
b 4 9
b 3 9
