t # s 1
v 0 0
v 1 0
v 2 0
v 3 0
v 4 0
v 5 0
v 6 0
v 7 0
v 8 0
v 9 0
v 10 0
v 11 0
v 12 0
v 13 0
e 0 1 0 -1 52816
e 2 3 0 -1 40870
e 4 5 0 -1 58083
e 2 6 0 -1 64046
e 7 8 0 -1 44625
e 0 5 0 -1 41556
e 7 9 0 -1 35412
e 0 3 0 -1 45352
e 7 10 0 -1 47923
e 4 9 0 -1 64121
e 7 11 0 -1 53129
e 0 9 0 -1 45845
e 7 12 0 -1 32912
e 7 6 0 -1 35734
e 13 6 1 -1 1485
b 2 8
b 2 4
b 2 5
b 2 6
b 2 3
b 2 10
b 2 9
b 2 7
b 2 14
b 2 12
b 2 11
b 2 13
b 8 10
b 8 9
b 8 14
b 8 12
b 8 11
b 8 13
b 0 1
b 0 4
b 0 5
b 0 6
b 0 3
b 0 10
b 0 9
b 0 7
b 0 14
b 0 12
b 0 11
b 0 13
b 1 4
b 1 5
b 1 6
b 1 3
b 1 10
b 1 9
b 1 7
b 1 14
b 1 12
b 1 11
b 1 13
b 4 5
b 4 6
b 4 10
b 4 9
b 4 7
b 4 14
b 4 12
b 4 11
b 4 13
b 5 6
b 5 10
b 5 9
b 5 7
b 5 14
b 5 12
b 5 11
b 5 13
b 6 10
b 6 9
b 6 7
b 6 14
b 6 12
b 6 11
b 6 13
b 3 10
b 3 9
b 3 7
b 3 14
b 3 12
b 3 11
b 3 13
b 10 14
b 10 12
b 10 11
b 10 13
b 9 14
b 9 12
b 9 11
b 9 13
b 7 14
b 7 12
b 7 11
b 7 13
b 12 13
b 11 13
