t # s 1
v 0 0
v 1 0
v 2 0
v 3 0
v 4 0
v 5 0
v 6 0
v 7 0
v 8 0
v 9 0
v 10 0
v 11 0
v 12 0
v 13 0
v 14 0
v 15 0
e 0 1 1 -1 12964
e 2 3 1 -1 13664
e 4 5 1 -1 6664
e 6 7 0 -1 443
e 8 5 1 -1 7664
e 9 5 1 -1 6056
e 10 3 1 -1 20556
e 0 5 1 -1 6476
e 11 5 1 -1 7748
e 12 5 1 -1 7848
e 13 5 1 -1 8416
e 6 5 1 -1 6260
e 14 5 1 -1 11320
e 15 3 1 -1 20014
e 15 5 1 -1 7768
b 5 8
b 5 7
b 5 6
b 5 13
b 5 12
b 5 11
b 5 14
b 5 9
b 5 10
b 8 13
b 8 12
b 8 11
b 8 14
b 8 9
b 8 10
b 7 13
b 7 12
b 7 11
b 7 14
b 7 9
b 7 10
b 3 6
b 3 13
b 3 12
b 3 11
b 3 14
b 3 4
b 3 9
b 3 10
b 6 13
b 6 12
b 6 11
b 6 14
b 6 9
b 6 10
b 2 13
b 2 12
b 2 11
b 2 14
b 2 4
b 2 9
b 2 10
b 13 14
b 12 14
b 1 11
b 1 14
b 1 4
b 1 9
b 1 10
b 0 11
b 0 14
b 0 4
b 0 9
b 0 10
b 11 14
b 4 9
b 4 10
b 9 10
