t # s 1
v 0 0
v 1 0
v 2 0
v 3 0
v 4 0
v 5 0
v 6 0
v 7 0
v 8 0
v 9 0
v 10 0
v 11 0
v 12 0
v 13 0
v 14 0
v 15 0
e 0 1 1 -1 1485
e 2 3 1 -1 1485
e 4 5 0 -1 38596
e 2 1 1 -1 1485
e 4 6 0 -1 54185
e 0 7 1 -1 1485
e 0 8 1 -1 1485
e 4 9 0 -1 35471
e 4 3 0 -1 53255
e 10 11 1 -1 1485
e 4 12 0 -1 55767
e 2 13 1 -1 1485
e 14 3 3 -1 -1
e 4 15 0 -1 58275
e 10 9 1 -1 1485
b 9 13
b 9 12
b 9 11
b 9 10
b 9 14
b 13 14
b 12 14
b 11 14
b 10 14
b 6 8
b 6 14
b 6 7
b 4 8
b 4 5
b 4 14
b 4 7
b 1 8
b 1 5
b 1 14
b 1 3
b 1 7
b 1 2
b 8 14
b 5 14
b 5 7
b 3 7
