t # s 1
v 0 0
v 1 0
v 2 0
v 3 0
v 4 0
v 5 0
v 6 0
v 7 0
v 8 0
v 9 0
v 10 0
v 11 0
v 12 0
v 13 0
v 14 0
v 15 0
e 0 1 0 -1 55962
e 2 3 0 -1 47595
e 2 4 0 -1 60274
e 0 5 0 -1 53656
e 0 6 0 -1 51640
e 7 5 1 -1 1485
e 2 8 0 -1 37282
e 9 10 1 -1 1485
e 2 11 0 -1 53680
e 0 12 0 -1 46506
e 9 11 1 -1 1485
e 2 13 0 -1 54479
e 7 14 1 -1 1485
e 9 14 1 -1 1485
e 9 15 1 -1 1485
b 3 5
b 3 11
b 3 10
b 3 9
b 3 8
b 3 12
b 3 7
b 3 14
b 3 13
b 3 6
b 3 4
b 1 5
b 1 11
b 1 10
b 1 9
b 1 8
b 1 12
b 1 7
b 1 2
b 1 14
b 1 13
b 1 6
b 1 4
b 5 11
b 5 10
b 5 9
b 5 8
b 5 12
b 5 7
b 5 14
b 5 13
b 5 6
b 11 12
b 11 14
b 11 13
b 10 12
b 10 14
b 10 13
b 9 12
b 9 14
b 9 13
b 8 12
b 8 14
b 8 13
b 12 14
b 12 13
b 7 14
b 7 13
b 0 2
b 0 14
b 0 13
b 0 6
b 0 4
b 2 14
b 2 13
b 2 6
b 2 4
