t # s 1
v 0 0
v 1 0
v 2 0
v 3 0
v 4 0
v 5 0
v 6 0
v 7 0
v 8 0
v 9 0
v 10 0
v 11 0
v 12 0
v 13 0
v 14 0
v 15 0
e 0 1 1 -1 1484
e 0 2 1 -1 1484
e 3 4 1 -1 1485
e 5 6 0 -1 64751
e 0 7 1 -1 1485
e 8 9 0 -1 64156
e 3 10 1 -1 1485
e 0 11 1 -1 1484
e 2 12 0 -1 443
e 5 9 0 -1 64319
e 2 9 0 -1 443
e 0 13 1 -1 1485
e 0 14 1 -1 1484
e 0 10 1 -1 1484
e 15 6 0 -1 32934
b 11 12
b 11 13
b 11 14
b 3 4
b 3 12
b 3 9
b 3 5
b 3 8
b 3 6
b 3 13
b 3 7
b 3 10
b 3 14
b 4 12
b 4 9
b 4 5
b 4 8
b 4 6
b 4 13
b 4 7
b 4 10
b 4 14
b 2 12
b 2 9
b 2 5
b 2 8
b 2 6
b 2 13
b 2 7
b 2 10
b 2 14
b 12 13
b 12 14
b 9 13
b 9 10
b 9 14
b 5 8
b 5 6
b 5 13
b 5 7
b 5 10
b 5 14
b 8 13
b 8 10
b 8 14
b 6 13
b 6 7
b 6 10
b 6 14
b 13 14
b 7 10
b 7 14
b 10 14
b 0 1
b 0 14
b 1 14
