t # s 1
v 0 0
v 1 0
v 2 0
v 3 0
v 4 0
v 5 0
v 6 0
v 7 0
v 8 0
v 9 0
v 10 0
v 11 0
v 12 0
v 13 0
v 14 0
v 15 0
e 0 1 0 -1 55962
e 2 3 0 -1 47595
e 2 4 0 -1 60274
e 0 5 0 -1 53656
e 0 6 0 -1 51640
e 7 5 1 -1 1485
e 2 8 0 -1 37282
e 9 10 1 -1 1485
e 2 11 0 -1 53680
e 0 12 0 -1 46506
e 9 11 1 -1 1485
e 2 13 0 -1 54479
e 7 14 1 -1 1485
e 9 14 1 -1 1485
e 9 15 1 -1 1485
b 7 8
b 7 9
b 7 10
b 4 8
b 4 5
b 4 9
b 4 10
b 4 6
b 8 9
b 8 10
b 5 9
b 5 10
b 5 6
b 9 10
b 1 3
b 1 10
b 1 6
b 1 2
b 3 10
b 3 6
b 0 2
