t # s 1
v 0 0
v 1 0
v 2 0
v 3 0
v 4 0
v 5 0
v 6 0
v 7 0
v 8 0
v 9 0
v 10 0
v 11 0
v 12 0
v 13 0
e 0 1 0 -1 52816
e 2 3 0 -1 40870
e 4 5 0 -1 58083
e 2 6 0 -1 64046
e 7 8 0 -1 44625
e 0 5 0 -1 41556
e 7 9 0 -1 35412
e 0 3 0 -1 45352
e 7 10 0 -1 47923
e 4 9 0 -1 64121
e 7 11 0 -1 53129
e 0 9 0 -1 45845
e 7 12 0 -1 32912
e 7 6 0 -1 35734
e 13 6 1 -1 1485
b 0 13
b 0 8
b 0 12
b 0 10
b 0 6
b 0 5
b 0 7
b 0 11
b 0 9
b 0 4
b 0 3
b 0 2
b 0 1
b 0 14
b 13 14
b 8 12
b 8 10
b 8 11
b 8 9
b 8 14
b 12 14
b 10 11
b 10 14
b 6 7
b 6 11
b 6 9
b 6 14
b 5 7
b 5 11
b 5 9
b 5 14
b 7 11
b 7 9
b 7 14
b 11 14
b 9 14
b 4 14
b 3 14
b 2 14
b 1 14
